50
3
0  680  9418  2504  635  8188  5385  675  467  8725  844  9996  3722  66  8100  8101  4414  338  2435  263  3576  8513  7010  3385  7529  5324  149  9231  3590  7290  659  353  2988  285  3991  627  8998  673  2819  465  618  6645  504  228  9767  3432  378  753  903  9426  
680  0  2264  4568  271  7190  8619  447  740  7473  286  5076  5226  531  5693  3912  3979  898  9567  947  6175  8772  2191  5815  2286  8678  217  3399  8229  6646  14  355  2393  575  9014  557  6897  523  9451  405  990  5215  962  827  7759  9570  255  248  938  9326  
9418  2264  0  6554  9806  7653  713  7714  2550  621  8793  4522  9806  2663  9838  8381  541  9698  4146  5518  8761  5565  107  872  4466  8553  7597  8877  4681  727  3093  7618  3651  8051  718  3269  2532  3219  172  4701  6026  2648  6056  4861  6779  770  4074  7764  9623  7726  
2504  4568  6554  0  5690  789  8749  7089  5895  6281  6856  94  244  7491  870  165  6353  2291  114  7293  927  362  9611  7353  131  950  2872  393  958  2146  3013  2674  460  3675  4037  8171  263  6910  9061  6501  6096  658  5447  8033  34  2829  4185  2718  7259  886  
635  271  9806  5690  0  5410  7499  236  292  9340  483  3074  4478  144  7308  7180  4516  231  8538  8  8554  9242  3628  5492  2842  9800  854  5805  3190  3160  471  586  9538  620  4058  276  5111  899  9353  69  610  4780  350  24  5489  4606  802  242  113  5884  
8188  7190  7653  789  5410  0  4688  7321  4225  4795  8278  137  54  6419  965  314  2824  5220  819  7621  579  971  5948  7887  836  362  8269  885  210  5107  8951  4166  312  8057  8290  6151  657  7016  5820  6467  8136  514  4469  3505  11  9498  2740  8712  8682  130  
5385  8619  713  8749  7499  4688  0  8100  8659  82  2348  8067  2305  5048  2487  2960  916  7498  7883  8803  7231  8965  762  918  3608  3495  6988  7587  2103  657  9318  7750  4738  9709  166  4011  2090  2673  517  7145  6453  2760  9553  4797  5974  517  4043  7278  8909  6657  
675  447  7714  7089  236  7321  8100  0  514  4997  4  5879  7150  994  4451  6926  2155  469  6927  587  2305  5782  6765  3736  2014  2998  449  9273  3321  2768  638  441  3529  824  9818  839  8627  483  5646  116  819  7395  950  937  5927  9488  526  36  984  4980  
467  740  2550  5895  292  4225  8659  514  0  7103  649  8390  9771  268  9126  2758  5895  298  2316  452  2457  9790  2538  6862  2190  9796  396  5065  9105  4612  185  490  9593  694  4256  110  5046  309  6677  648  340  3752  905  588  9820  5412  997  78  688  4409  
8725  7473  621  6281  9340  4795  82  4997  7103  0  6214  3527  6868  4693  2131  5187  691  9503  3640  9992  2265  7939  521  367  9624  5448  7706  8825  3566  301  6036  2892  8025  5443  24  4102  4393  8287  502  7751  6346  9761  9292  4654  6509  960  8052  7523  7819  2855  
844  286  8793  6856  483  8278  2348  4  649  6214  0  2143  3144  957  3993  7888  7063  76  8537  317  4540  9730  4552  4866  5447  4786  723  3958  6192  9657  891  698  3895  294  6614  1  7179  124  6533  901  62  3456  444  890  6175  2792  996  173  520  8474  
9996  5076  4522  94  3074  137  8067  5879  8390  3527  2143  0  272  4368  220  767  4802  9471  998  3337  480  53  4009  9805  852  965  6154  227  336  2431  6406  4575  222  3215  4533  7675  934  5018  5558  7991  2758  500  9785  9889  163  2701  8122  7253  2673  865  
3722  5226  9806  244  4478  54  2305  7150  9771  6868  3144  272  0  3192  944  907  6049  9906  412  2640  290  878  6783  9491  155  418  5102  537  686  4082  7626  2087  297  4817  5984  7795  378  4700  9852  8730  4082  32  2547  8473  606  8544  5857  5360  9267  320  
66  531  2663  7491  144  6419  5048  994  268  4693  957  4368  3192  0  3389  5718  7433  614  4584  363  8173  2246  8330  6666  6844  3024  750  8836  7055  5327  197  664  5724  928  6229  219  5098  260  9907  500  963  4556  50  774  5582  7159  623  710  447  2506  
8100  5693  9838  870  7308  965  2487  4451  9126  2131  3993  220  944  3389  0  904  9440  6147  310  7205  723  575  5247  2629  16  550  9491  489  327  9229  3482  9756  559  4213  2486  7967  545  3081  7262  6858  2905  446  9356  9557  717  5565  3194  6063  3838  504  
8101  3912  8381  165  7180  314  2960  6926  2758  5187  7888  767  907  5718  904  0  3357  5047  804  4666  303  762  4561  7598  560  412  9910  885  139  4028  6493  7227  861  3062  5484  2813  686  6653  4627  2072  2135  974  9178  8193  552  2142  6039  6235  2193  270  
4414  3979  541  6353  4516  2824  916  2155  5895  691  7063  4802  6049  7433  9440  3357  0  2245  3403  4008  6726  9510  817  694  4519  4288  4343  4982  8438  440  6293  9478  6199  7893  96  3215  5445  2166  59  5571  3249  9968  8204  9597  2746  66  8594  8619  5096  9830  
338  898  9698  2291  231  5220  7498  469  298  9503  76  9471  9906  614  6147  5047  2245  0  5885  554  2877  9218  3811  2866  2717  6082  192  4980  8679  9399  453  264  2987  784  6614  378  3533  589  5078  271  244  3079  613  945  2493  2918  804  693  903  4454  
2435  9567  4146  114  8538  819  7883  6927  2316  3640  8537  998  412  4584  310  804  3403  5885  0  9108  136  436  3977  2161  938  883  2702  485  859  6914  9658  3694  707  3584  7412  8115  780  8165  6793  9961  9747  769  2633  4071  497  9104  6693  8726  2686  80  
263  947  5518  7293  8  7621  8803  587  452  9992  317  3337  2640  363  7205  4666  4008  554  9108  0  8479  9645  5905  9954  3470  3481  83  7114  8679  2724  447  939  3019  295  4375  589  4540  775  2512  308  181  5177  937  845  4557  6953  671  87  783  5651  
3576  6175  8761  927  8554  579  7231  2305  2457  2265  4540  480  290  8173  723  303  6726  2877  136  8479  0  848  7146  2603  12  318  3975  505  720  4266  8961  3910  775  6494  4973  8110  471  4305  7437  5781  4480  555  7250  6600  252  3405  9669  9653  9070  573  
8513  8772  5565  362  9242  971  8965  5782  9790  7939  9730  53  878  2246  575  762  9510  9218  436  9645  848  0  7214  2883  201  228  4572  739  238  3724  3098  7827  906  8013  7739  2390  329  8887  6571  4545  3650  696  6770  3123  973  2362  7636  5898  8074  8  
7010  2191  107  9611  3628  5948  762  6765  2538  521  4552  4009  6783  8330  5247  4561  817  3811  3977  5905  7146  7214  0  568  4834  9441  3951  7777  5975  17  8171  5758  6534  4443  793  5061  8646  8894  656  8743  8795  8061  7419  4416  7374  655  4461  4539  4878  5210  
3385  5815  872  7353  5492  7887  918  3736  6862  367  4866  9805  9491  6666  2629  7598  694  2866  2161  9954  2603  2883  568  0  9679  6380  5950  7464  3160  332  7777  5078  4803  2514  740  8936  3920  6161  309  4672  6524  3261  5723  6740  3185  728  9817  2900  8830  5336  
7529  2286  4466  131  2842  836  3608  2014  2190  9624  5447  852  155  6844  16  560  4519  2717  938  3470  12  201  4834  9679  0  867  5627  741  692  9227  9395  9246  393  3752  3371  4132  405  3109  8499  4476  5240  611  8206  4574  519  2438  7977  5754  7847  181  
5324  8678  8553  950  9800  362  3495  2998  9796  5448  4786  965  418  3024  550  412  4288  6082  883  3481  318  228  9441  6380  867  0  6589  863  68  4249  7860  6583  355  9621  3059  6528  648  9019  8200  3513  3360  811  2371  8215  13  3388  7909  4675  3015  310  
149  217  7597  2872  854  8269  6988  449  396  7706  723  6154  5102  750  9491  9910  4343  192  2702  83  3975  4572  3951  5950  5627  6589  0  7808  9719  7022  108  927  7639  90  7963  944  4905  4  8480  488  640  4896  530  106  5854  7828  152  728  497  9971  
9231  3399  8877  393  5805  885  7587  9273  5065  8825  3958  227  537  8836  489  885  4982  4980  485  7114  505  739  7777  7464  741  863  7808  0  338  8475  2720  7759  884  7398  4705  4444  752  3683  8483  7572  7500  406  7735  8644  295  2145  3360  4790  6743  585  
3590  8229  4681  958  3190  210  2103  3321  9105  3566  6192  336  686  7055  327  139  8438  8679  859  8679  720  238  5975  3160  692  68  9719  338  0  9999  6358  4678  414  8542  7345  9653  858  5055  2534  9324  7158  881  5151  8870  438  5599  9733  8588  9218  543  
7290  6646  727  2146  3160  5107  657  2768  4612  301  9657  2431  4082  5327  9229  4028  440  9399  6914  2724  4266  3724  17  332  9227  4249  7022  8475  9999  0  8000  2190  4023  9826  99  2301  5658  9754  303  7045  7130  5449  9744  8024  3210  359  5513  4160  9567  2072  
659  14  3093  3013  471  8951  9318  638  185  6036  891  6406  7626  197  3482  6493  6293  453  9658  447  8961  3098  8171  7777  9395  7860  108  2720  6358  8000  0  673  2740  160  4141  775  5508  655  9564  721  287  6233  681  471  4762  2378  174  982  117  3766  
353  355  7618  2674  586  4166  7750  441  490  2892  698  4575  2087  664  9756  7227  9478  264  3694  939  3910  7827  5758  5078  9246  6583  927  7759  4678  2190  673  0  6179  226  9182  815  9306  146  5676  355  201  5262  826  708  5682  2999  51  59  401  3868  
2988  2393  3651  460  9538  312  4738  3529  9593  8025  3895  222  297  5724  559  861  6199  2987  707  3019  775  906  6534  4803  393  355  7639  884  414  4023  2740  6179  0  7291  2760  9322  329  7311  4436  3942  2238  984  2815  6745  608  5550  2067  2367  7384  295  
285  575  8051  3675  620  8057  9709  824  694  5443  294  3215  4817  928  4213  3062  7893  784  3584  295  6494  8013  4443  2514  3752  9621  90  7398  8542  9826  160  226  7291  0  6616  79  7378  411  8494  589  416  5462  25  153  9456  6026  115  112  868  9178  
3991  9014  718  4037  4058  8290  166  9818  4256  24  6614  4533  5984  6229  2486  5484  96  6614  7412  4375  4973  7739  793  740  3371  3059  7963  4705  7345  99  4141  9182  2760  6616  0  5336  6504  6676  567  3181  6601  3716  7174  2022  7207  579  7015  8154  9900  3261  
627  557  3269  8171  276  6151  4011  839  110  4102  1  7675  7795  219  7967  2813  3215  378  8115  589  8110  2390  5061  8936  4132  6528  944  4444  9653  2301  775  815  9322  79  5336  0  5820  639  6457  858  850  2748  472  302  4903  3398  244  537  880  6811  
8998  6897  2532  263  5111  657  2090  8627  5046  4393  7179  934  378  5098  545  686  5445  3533  780  4540  471  329  8646  3920  405  648  4905  752  858  5658  5508  9306  329  7378  6504  5820  0  6079  5359  6449  6199  646  5404  4817  971  6536  2662  5182  5073  455  
673  523  3219  6910  899  7016  2673  483  309  8287  124  5018  4700  260  3081  6653  2166  589  8165  775  4305  8887  8894  6161  3109  9019  4  3683  5055  9754  655  146  7311  411  6676  639  6079  0  8738  290  695  8699  819  298  7990  9949  350  264  468  9306  
2819  9451  172  9061  9353  5820  517  5646  6677  502  6533  5558  9852  9907  7262  4627  59  5078  6793  2512  7437  6571  656  309  8499  8200  8480  8483  2534  303  9564  5676  4436  8494  567  6457  5359  8738  0  4661  2783  6855  4488  3745  5288  715  5703  9377  5612  3576  
465  405  4701  6501  69  6467  7145  116  648  7751  901  7991  8730  500  6858  2072  5571  271  9961  308  5781  4545  8743  4672  4476  3513  488  7572  9324  7045  721  355  3942  589  3181  858  6449  290  4661  0  982  3612  61  22  8321  9843  604  77  123  4960  
618  990  6026  6096  610  8136  6453  819  340  6346  62  2758  4082  963  2905  2135  3249  244  9747  181  4480  3650  8795  6524  5240  3360  640  7500  7158  7130  287  201  2238  416  6601  850  6199  695  2783  982  0  2801  779  949  3017  9530  653  834  764  7100  
6645  5215  2648  658  4780  514  2760  7395  3752  9761  3456  500  32  4556  446  974  9968  3079  769  5177  555  696  8061  3261  611  811  4896  406  881  5449  6233  5262  984  5462  3716  2748  646  8699  6855  3612  2801  0  7146  8047  256  8538  7567  2004  7571  686  
504  962  6056  5447  350  4469  9553  950  905  9292  444  9785  2547  50  9356  9178  8204  613  2633  937  7250  6770  7419  5723  8206  2371  530  7735  5151  9744  681  826  2815  25  7174  472  5404  819  4488  61  779  7146  0  840  9366  5374  718  20  124  4966  
228  827  4861  8033  24  3505  4797  937  588  4654  890  9889  8473  774  9557  8193  9597  945  4071  845  6600  3123  4416  6740  4574  8215  106  8644  8870  8024  471  708  6745  153  2022  302  4817  298  3745  22  949  8047  840  0  4559  6327  163  260  381  9236  
9767  7759  6779  34  5489  11  5974  5927  9820  6509  6175  163  606  5582  717  552  2746  2493  497  4557  252  973  7374  3185  519  13  5854  295  438  3210  4762  5682  608  9456  7207  4903  971  7990  5288  8321  3017  256  9366  4559  0  3272  6294  7281  7905  203  
3432  9570  770  2829  4606  9498  517  9488  5412  960  2792  2701  8544  7159  5565  2142  66  2918  9104  6953  3405  2362  655  728  2438  3388  7828  2145  5599  359  2378  2999  5550  6026  579  3398  6536  9949  715  9843  9530  8538  5374  6327  3272  0  3080  6806  9801  7925  
378  255  4074  4185  802  2740  4043  526  997  8052  996  8122  5857  623  3194  6039  8594  804  6693  671  9669  7636  4461  9817  7977  7909  152  3360  9733  5513  174  51  2067  115  7015  244  2662  350  5703  604  653  7567  718  163  6294  3080  0  294  397  5430  
753  248  7764  2718  242  8712  7278  36  78  7523  173  7253  5360  710  6063  6235  8619  693  8726  87  9653  5898  4539  2900  5754  4675  728  4790  8588  4160  982  59  2367  112  8154  537  5182  264  9377  77  834  2004  20  260  7281  6806  294  0  158  2171  
903  938  9623  7259  113  8682  8909  984  688  7819  520  2673  9267  447  3838  2193  5096  903  2686  783  9070  8074  4878  8830  7847  3015  497  6743  9218  9567  117  401  7384  868  9900  880  5073  468  5612  123  764  7571  124  381  7905  9801  397  158  0  6221  
9426  9326  7726  886  5884  130  6657  4980  4409  2855  8474  865  320  2506  504  270  9830  4454  80  5651  573  8  5210  5336  181  310  9971  585  543  2072  3766  3868  295  9178  3261  6811  455  9306  3576  4960  7100  686  4966  9236  203  7925  5430  2171  6221  0  
